

w hidden
          0         1        4

b output

0  0.532305
1  0.498421
2  0.499369
3  0.504659
4  0.500377
5  0.498112
6  0.498162

w output
          0         1         2         3         4        5         6
0  0.010272  0.009971  0.009995  0.010025  0.010112  0.01008  0.010039
1  0.010272  0.009971  0.009995  0.010025  0.010112  0.01008  0.010039
2  0.010272  0.009971  0.009995  0.010025  0.010112  0.01008  0.010039
3  0.010272  0.009971  0.009995  0.010025  0.010112  0.01008  0.010039
4  0.010272  0.009971  0.009995  0.010025  0.010112  0.01008  0.010039
5  0.010272  0.009971  0.009995  0.010025  0.010112  0.01008  0.010039

 
accuracy =  79.15862068965517 %

